275 21
261 21
248 24
235 26
221 31
208 33
196 38
183 43
172 50
161 55
149 62
138 70
127 79
118 87
107 96
98 106
89 116
80 128
73 137
64 149
58 162
51 174
47 186
40 198
35 212
31 224
29 239
24 253
22 268
20 282
20 297
20 311
20 341
22 370
26 396
33 423
40 447
49 471
58 495
71 517
82 539
96 561
111 582
127 602
143 621
161 640
179 660
196 679
364 841
385 863
407 885
429 909
449 933
470 960
492 986
512 1015
530 1044
550 1015
568 986
588 960
608 933
631 909
651 885
673 863
693 839
736 795
779 754
821 715
861 677
897 638
915 616
933 597
949 578
964 556
978 536
991 515
1002 490
1011 469
1020 444
1029 420
1034 394
1038 367
1043 341
1043 311
1043 297
1040 282
1040 268
1038 253
1034 239
1031 224
1027 212
1023 198
1016 186
1009 174
1005 162
996 149
989 137
982 128
973 116
964 106
955 96
944 87
935 79
924 70
913 62
902 55
890 50
879 43
866 38
855 33
841 31
828 26
814 24
801 21
787 21
774 21
754 21
734 24
716 29
696 33
678 41
662 48
644 58
629 67
613 79
599 91
584 106
573 120
559 135
550 152
539 171
530 188
523 171
512 152
501 135
490 120
476 106
463 91
449 79
434 67
418 58
400 48
382 41
364 33
346 29
329 24
308 21
288 21
288 21
288 21
