1023 0
1023 1023
1023 0
1023 27
1023 54
1023 81
1023 109
1023 136
1023 163
1023 197
1023 225
1023 252
1023 279
1023 306
1023 334
1023 361
1023 388
1023 416
1023 443
1023 477
1023 504
1023 531
1023 559
1023 586
1023 613
1023 641
1023 668
1023 695
1023 722
1023 757
1023 784
1023 811
1023 838
1023 866
1023 893
1023 920
1023 947
1023 975
1023 1009
0 1023
1023 1023
1013 1023
1002 1023
993 1023
984 1023
975 1023
966 1023
957 1023
948 1023
939 1023
930 1023
921 1023
910 1023
901 1023
892 1023
882 1023
873 1023
864 1023
855 1023
846 1023
837 1023
828 1023
817 1023
808 1023
799 1023
790 1023
781 1023
772 1023
763 1023
754 1023
745 1023
736 1023
724 1023
715 1023
706 1023
697 1023
688 1023
679 1023
670 1023
661 1023
652 1023
643 1023
632 1023
623 1023
614 1023
605 1023
596 1023
587 1023
578 1023
569 1023
560 1023
551 1023
539 1023
530 1023
521 1023
512 1023
503 1023
494 1023
485 1023
476 1023
467 1023
458 1023
447 1023
438 1023
429 1023
420 1023
411 1023
401 1023
392 1023
383 1023
374 1023
365 1023
354 1023
345 1023
336 1023
327 1023
318 1023
309 1023
300 1023
291 1023
282 1023
270 1023
261 1023
252 1023
243 1023
234 1023
225 1023
216 1023
207 1023
198 1023
189 1023
178 1023
169 1023
160 1023
151 1023
142 1023
133 1023
124 1023
115 1023
106 1023
97 1023
85 1023
76 1023
67 1023
58 1023
49 1023
40 1023
31 1023
22 1023
13 1023
4 1023
0 0
0 1023
0 995
0 968
0 941
0 913
0 886
0 859
0 832
0 797
0 770
0 743
0 716
0 688
0 661
0 634
0 606
0 579
0 552
0 518
0 491
0 463
0 436
0 409
0 381
0 354
0 327
0 300
0 272
0 238
0 211
0 184
0 156
0 129
0 102
0 75
0 47
0 20
0 0
9 0
18 0
27 0
36 0
45 0
54 0
65 0
74 0
83 0
92 0
101 0
110 0
119 0
128 0
137 0
146 0
158 0
167 0
176 0
185 0
194 0
203 0
212 0
221 0
230 0
239 0
250 0
259 0
268 0
277 0
286 0
295 0
304 0
313 0
322 0
334 0
343 0
352 0
361 0
370 0
379 0
388 0
397 0
406 0
415 0
426 0
435 0
444 0
453 0
462 0
471 0
481 0
490 0
499 0
508 0
519 0
528 0
537 0
546 0
555 0
564 0
573 0
582 0
591 0
600 0
611 0
621 0
630 0
639 0
648 0
657 0
666 0
675 0
684 0
693 0
704 0
713 0
722 0
731 0
740 0
749 0
758 0
767 0
776 0
785 0
797 0
806 0
815 0
824 0
833 0
842 0
851 0
860 0
869 0
878 0
889 0
898 0
907 0
916 0
925 0
934 0
943 0
952 0
962 0
971 0
982 0
991 0
1000 0
1009 0
1018 0
126 961
126 832
126 961
126 934
126 907
126 879
126 852
212 832
126 832
135 832
144 832
153 832
164 832
173 832
182 832
191 832
200 832
210 832
212 961
212 832
212 859
212 893
212 920
212 947
298 961
212 961
221 961
230 961
239 961
248 961
257 961
268 961
277 961
286 961
295 961
298 641
298 961
298 934
298 907
298 879
298 852
298 825
298 797
298 770
298 736
298 709
298 682
298 654
383 641
298 641
307 641
316 641
325 641
334 641
343 641
352 641
361 641
372 641
381 641
383 961
383 641
383 668
383 695
383 722
383 750
383 777
383 811
383 838
383 866
383 893
383 920
383 947
467 961
383 961
392 961
401 961
411 961
420 961
429 961
438 961
447 961
456 961
465 961
467 450
467 961
467 934
467 907
467 879
467 852
467 825
467 797
467 770
467 736
467 709
467 682
467 654
467 627
467 600
467 572
467 545
467 518
467 491
467 456
553 450
467 450
476 450
487 450
496 450
505 450
514 450
523 450
532 450
541 450
551 450
553 961
553 450
553 477
553 504
553 531
553 559
553 586
553 613
553 641
553 668
553 702
553 729
553 757
553 784
553 811
553 838
553 866
553 893
553 920
553 947
639 961
553 961
562 961
571 961
580 961
591 961
600 961
609 961
618 961
627 961
636 961
639 252
639 961
639 934
639 907
639 879
639 852
639 825
639 797
639 770
639 736
639 709
639 682
639 654
639 627
639 600
639 572
639 545
639 518
639 491
639 456
639 429
639 402
639 375
639 347
639 320
639 293
639 265
724 252
639 252
648 252
657 252
666 252
675 252
684 252
695 252
704 252
713 252
722 252
724 961
724 252
724 279
724 306
724 341
724 368
724 395
724 422
724 450
724 477
724 504
724 531
724 559
724 593
724 620
724 647
724 675
724 702
724 729
724 757
724 784
724 811
724 838
724 872
724 900
724 927
724 954
810 961
724 961
733 961
742 961
752 961
761 961
770 961
779 961
788 961
799 961
808 961
810 61
810 961
810 934
810 907
810 879
810 852
810 825
810 797
810 770
810 736
810 709
810 682
810 654
810 627
810 600
810 572
810 545
810 518
810 491
810 456
810 429
810 402
810 375
810 347
810 320
810 293
810 265
810 238
810 211
810 177
810 150
810 122
810 95
810 68
894 61
810 61
819 61
828 61
837 61
846 61
855 61
864 61
873 61
882 61
892 61
894 961
894 61
894 88
894 115
894 143
894 170
894 197
894 231
894 259
894 286
894 313
894 341
894 368
894 395
894 422
894 450
894 477
894 511
894 538
894 566
894 593
894 620
894 647
894 675
894 702
894 729
894 757
894 791
894 818
894 845
894 872
894 900
894 927
894 954
980 961
894 961
903 961
914 961
923 961
932 961
941 961
950 961
959 961
968 961
977 961
