614 1
606 3
597 3
588 5
580 7
572 10
564 12
555 14
547 18
539 21
530 25
522 29
513 33
504 37
495 42
486 48
477 53
470 58
462 63
455 68
449 73
442 77
436 83
430 88
423 94
417 101
407 112
391 129
386 134
380 139
375 144
373 145
371 148
369 149
366 151
364 152
362 154
360 155
357 156
355 157
353 158
351 159
348 159
346 160
344 160
341 161
339 161
336 162
334 162
331 162
328 162
322 161
316 160
310 159
301 158
293 157
286 156
280 155
274 155
268 155
262 154
254 154
245 155
241 155
236 155
232 155
228 155
224 156
221 156
217 157
214 158
211 159
207 160
203 161
200 163
197 163
193 165
190 166
187 168
184 170
182 171
179 173
176 174
173 176
171 178
169 180
166 182
164 185
162 187
160 189
157 192
155 195
153 198
151 200
149 203
146 206
145 209
143 212
141 215
139 219
137 222
136 226
134 229
133 233
131 237
130 241
128 245
127 249
126 254
125 258
124 263
122 267
121 272
120 277
119 282
118 288
117 293
116 299
115 305
113 317
112 329
110 343
110 349
109 354
109 359
109 366
109 373
109 382
109 411
109 461
109 411
109 413
109 415
109 417
109 418
109 421
109 422
109 425
109 426
109 429
109 430
109 432
109 434
109 436
109 438
109 440
109 442
109 444
109 446
109 448
109 450
109 452
109 454
109 455
109 458
109 459
101 474
109 461
108 463
107 464
106 466
105 467
104 469
103 470
103 472
98 480
95 486
91 492
88 499
85 505
81 512
78 518
75 525
72 532
69 539
66 546
63 553
60 560
57 567
54 575
51 582
46 595
42 608
38 621
34 633
30 647
26 659
23 673
20 685
17 698
14 711
12 724
10 737
8 750
6 763
4 776
3 789
1 816
0 819
0 822
0 830
0 837
0 846
0 854
0 861
0 864
1 867
1 870
1 872
2 876
2 879
3 882
4 885
5 886
5 888
5 889
6 889
6 889
7 889
7 888
7 885
9 878
11 867
14 855
22 817
25 801
28 788
31 774
34 763
37 752
40 740
42 730
44 721
47 711
49 703
52 694
55 685
58 677
60 668
63 659
66 652
68 643
71 635
74 627
77 620
80 612
83 605
86 597
90 590
93 583
97 576
100 570
103 563
107 556
110 550
113 543
117 537
121 531
125 525
128 518
132 513
136 507
140 501
146 492
140 501
141 500
142 498
143 497
144 496
145 494
146 492
168 492
146 492
148 492
149 492
151 492
152 492
154 492
155 492
157 492
158 492
160 492
161 492
163 492
164 492
166 492
167 492
177 492
185 492
192 491
194 491
196 491
205 489
213 487
220 485
227 484
233 481
239 480
245 478
251 474
256 472
260 470
265 468
269 465
274 463
278 460
283 458
287 455
291 452
295 448
299 445
303 442
307 439
311 436
315 432
319 429
324 423
326 422
326 422
327 422
327 422
328 425
329 428
331 432
334 438
336 444
339 450
342 455
345 462
348 468
351 474
356 481
361 491
367 500
373 510
379 519
386 528
392 537
399 546
406 554
413 563
420 570
428 578
435 585
443 593
451 600
459 607
467 615
476 621
484 627
493 633
501 639
510 645
520 651
529 656
538 661
548 666
557 670
567 674
577 678
587 682
597 686
607 689
618 693
626 696
629 696
630 696
630 697
630 697
630 700
630 702
629 704
620 782
629 704
629 707
629 708
629 710
629 712
628 714
628 716
628 718
627 720
627 722
627 724
627 726
627 727
626 730
626 731
626 733
626 735
626 737
625 739
625 741
625 743
624 745
624 747
624 748
624 751
624 752
623 755
623 756
623 758
623 760
623 762
622 764
622 766
622 768
621 770
621 772
621 774
621 775
621 778
620 779
620 782
614 833
611 854
611 854
608 855
600 856
596 857
591 858
587 859
583 860
579 861
575 863
572 864
568 865
564 867
561 868
557 871
554 872
551 874
548 875
545 878
543 880
540 882
537 884
535 886
533 889
531 891
528 893
527 896
525 899
523 901
522 904
520 907
519 910
518 913
516 916
516 919
515 922
514 926
513 930
513 934
512 938
512 942
512 945
512 948
512 950
512 951
513 955
512 951
512 953
515 950
513 955
513 953
515 952
517 947
519 944
521 941
524 937
526 935
528 932
531 930
534 927
537 926
541 923
545 921
548 919
552 918
557 916
561 915
566 913
575 910
566 913
567 912
569 911
570 911
572 911
573 911
574 910
575 930
575 910
575 911
575 914
575 915
575 918
575 919
575 922
575 923
575 926
575 927
575 930
574 937
574 945
574 951
575 956
575 960
575 962
575 963
575 963
575 964
576 964
576 964
576 963
578 959
580 956
582 952
584 948
587 944
588 941
591 937
593 934
596 931
597 929
600 926
602 924
605 922
607 919
610 918
612 916
615 914
618 912
620 911
622 911
623 911
625 910
629 909
633 908
638 908
644 908
650 907
654 907
656 906
658 906
660 906
661 905
662 904
663 904
663 904
664 902
664 901
665 900
665 900
665 898
665 897
664 896
663 895
662 893
660 889
654 883
660 889
659 889
657 887
656 885
656 884
655 871
654 883
655 882
655 879
655 878
655 875
655 874
655 871
656 864
656 857
657 850
657 843
658 836
659 829
660 822
661 815
662 808
663 801
665 795
666 789
668 782
669 777
671 770
672 765
674 760
675 755
677 750
679 746
681 741
682 737
685 733
687 730
692 721
687 730
688 728
689 726
690 725
691 723
691 722
702 722
692 721
693 722
695 722
696 722
698 722
699 722
701 722
702 722
706 722
709 722
712 723
715 724
718 725
721 726
724 726
727 728
730 730
733 730
736 732
738 734
741 736
743 738
745 740
748 742
750 745
752 747
754 749
756 752
758 755
759 758
761 761
763 764
764 767
765 770
766 774
768 778
769 782
769 785
771 789
771 793
772 796
772 800
773 809
774 818
774 827
775 836
775 845
775 848
775 852
775 856
775 860
774 867
774 871
774 874
773 877
772 880
772 882
771 885
771 888
770 890
769 893
768 894
767 896
766 898
765 900
764 902
763 904
762 905
760 907
758 908
756 910
754 911
751 913
748 915
745 916
741 918
736 920
730 922
717 927
701 934
694 936
688 938
683 941
678 943
673 945
669 948
665 951
660 953
657 956
654 959
652 961
651 963
650 964
648 966
647 967
645 969
644 971
643 973
641 977
639 981
638 984
638 985
638 985
639 981
638 982
638 985
638 985
638 985
640 985
642 984
645 983
650 982
655 981
660 980
665 978
671 978
677 977
682 976
688 975
700 974
711 973
715 973
718 973
720 973
720 973
720 973
720 978
717 989
716 995
715 1000
714 1006
714 1011
713 1015
712 1019
712 1022
712 1022
712 1023
713 1023
714 1022
716 1020
723 1015
732 1008
739 1003
747 998
751 996
754 993
758 991
761 989
765 988
768 986
771 985
774 983
777 982
780 982
782 981
784 980
786 979
789 979
792 978
796 978
805 978
815 978
818 977
821 977
823 977
825 976
826 976
826 975
827 974
828 974
828 974
829 973
829 972
829 971
830 971
830 970
829 969
828 967
826 963
823 960
821 957
819 954
817 952
816 949
815 947
814 945
813 941
812 939
811 937
811 934
810 930
810 927
810 923
810 919
810 910
810 899
810 895
810 892
810 889
810 885
811 882
811 878
812 874
813 871
813 867
814 863
815 859
816 856
817 852
818 848
819 845
820 841
822 837
823 833
825 830
826 826
828 822
829 819
831 815
832 811
834 808
836 804
840 797
844 789
849 782
854 774
859 767
865 759
870 754
874 748
878 744
883 738
888 733
894 726
901 719
910 710
928 693
934 685
939 681
943 676
948 671
952 666
955 661
959 656
963 652
966 646
969 641
973 636
976 630
979 625
982 620
984 615
987 608
989 603
991 597
994 591
996 585
998 578
1000 572
1002 566
1003 559
1005 552
1007 544
1008 537
1010 530
1011 522
1012 515
1014 507
1015 499
1016 490
1017 481
1018 471
1018 462
1020 452
1020 443
1021 434
1021 425
1022 416
1022 407
1022 399
1022 390
1022 382
1022 374
1022 366
1022 358
1022 350
1021 342
1021 335
1020 327
1020 320
1019 313
1018 306
1017 299
1016 292
1015 285
1014 278
1012 271
1011 265
1009 259
1008 252
1006 246
1004 240
1002 233
1000 229
999 225
997 221
996 217
994 212
993 208
991 204
988 200
985 192
981 184
976 175
972 167
967 159
961 152
957 144
951 137
946 130
940 124
937 121
934 117
931 114
929 111
924 106
918 101
913 96
907 92
901 87
895 82
889 78
883 74
876 69
870 65
863 61
856 56
849 52
841 48
834 45
826 41
819 38
811 34
804 31
796 28
788 25
780 22
772 19
764 17
756 14
748 12
739 10
732 8
723 6
715 4
707 3
699 2
696 1
693 1
684 0
673 0
662 0
650 0
639 0
630 0
626 0
623 0
623 0
623 0
