982 0
982 0
992 0
1002 0
1002 10
1012 10
1012 20
1012 30
1023 40
1023 982
1023 40
1012 51
1023 61
1023 71
1023 81
1023 102
1023 112
1023 122
1023 132
1023 153
1023 163
1023 173
1023 184
1023 204
1012 214
1023 225
1023 235
1023 255
1023 265
1023 276
1012 286
1023 306
1023 317
1023 327
1023 337
1023 358
1023 368
1023 378
1023 388
1023 398
1023 419
1023 429
1023 439
1023 450
1023 470
1023 480
1023 491
1023 501
1023 521
1023 531
1023 542
1023 552
1023 572
1023 583
1023 593
1023 603
1023 624
1023 634
1023 644
1023 654
1023 675
1023 685
1023 695
1023 705
1023 726
1023 736
1023 746
1023 757
1023 767
1023 787
1023 797
1023 808
1023 818
1023 838
1023 849
1023 859
1023 869
1023 890
1023 900
1023 910
1023 920
1023 941
1023 951
1023 961
1023 971
1012 982
1012 992
1012 1002
1002 1002
1002 1012
992 1012
982 1012
982 1023
40 1023
982 1023
961 1012
951 1023
941 1023
930 1023
910 1023
900 1023
890 1023
879 1023
859 1023
849 1023
838 1023
828 1023
808 1023
797 1012
787 1023
777 1023
757 1023
746 1023
736 1023
726 1012
705 1023
695 1023
685 1023
675 1023
654 1023
644 1023
634 1023
624 1023
613 1023
593 1023
583 1023
572 1023
562 1023
542 1023
531 1023
521 1023
511 1023
491 1023
480 1023
470 1023
460 1023
439 1023
429 1023
419 1023
409 1023
388 1023
378 1023
368 1023
358 1023
337 1023
327 1023
317 1023
306 1023
286 1023
276 1023
265 1023
255 1023
245 1023
225 1023
214 1023
204 1023
194 1023
173 1023
163 1023
153 1023
143 1023
122 1023
112 1023
102 1023
92 1023
71 1023
61 1023
51 1023
40 1023
30 1012
20 1012
10 1012
10 1002
0 1002
0 992
0 982
0 982
0 40
0 982
0 961
0 951
0 941
0 930
0 910
0 900
0 890
0 879
0 859
0 849
0 838
0 828
0 808
0 797
0 787
0 777
0 757
0 746
0 736
0 726
0 705
0 695
0 685
0 675
0 654
0 644
0 634
0 624
0 613
0 593
0 583
0 572
0 562
0 542
0 531
0 521
0 511
0 491
0 480
0 470
0 460
0 439
0 429
0 419
0 409
0 388
0 378
0 368
0 358
0 337
0 327
0 317
0 306
0 286
0 276
0 265
0 255
0 245
0 225
0 214
0 204
0 194
0 173
0 163
0 153
0 143
0 122
0 112
0 102
0 92
0 71
0 61
0 51
0 40
0 30
0 20
0 10
10 10
10 0
20 0
30 0
40 0
40 0
40 0
40 0
51 0
61 0
71 0
81 0
102 0
112 0
122 0
132 0
153 0
163 0
173 0
184 0
204 0
214 0
225 0
235 0
255 0
265 0
276 0
286 0
306 0
317 0
327 0
337 0
358 0
368 0
378 0
388 0
398 0
419 0
429 0
439 0
450 0
470 0
480 0
491 0
501 0
521 0
531 0
542 0
552 0
572 0
583 0
593 0
603 0
624 0
634 0
644 0
654 0
675 0
685 0
695 0
705 0
726 0
736 0
746 0
757 0
767 0
787 0
797 0
808 0
818 0
838 0
849 0
859 0
869 0
890 0
900 0
910 0
920 0
941 0
951 0
961 0
971 0
470 0
470 0
480 0
491 0
491 10
501 10
501 20
501 30
511 40
511 470
511 40
511 51
511 61
501 71
511 81
511 102
511 112
511 122
511 132
511 153
511 163
511 173
511 184
511 204
511 214
511 225
511 235
511 255
511 265
511 276
511 286
511 306
511 317
511 327
511 337
511 358
511 368
511 378
511 388
511 398
511 419
511 429
511 439
511 450
501 470
501 480
501 491
491 491
491 501
480 501
470 501
470 511
40 511
470 511
450 511
439 511
429 501
419 511
398 511
388 511
378 511
368 511
347 511
337 511
327 511
317 511
296 511
286 511
276 511
265 511
245 511
235 511
225 511
214 511
194 511
184 511
173 511
163 511
143 511
132 511
122 511
112 511
102 511
81 511
71 511
61 511
51 511
30 501
20 501
10 501
10 491
0 491
0 480
0 470
0 470
0 40
0 470
0 450
0 439
0 429
0 419
0 398
0 388
0 378
0 368
0 347
0 337
0 327
0 317
0 296
0 286
0 276
0 265
0 245
0 235
0 225
0 214
0 194
0 184
0 173
0 163
0 143
0 132
0 122
0 112
0 102
0 81
0 71
0 61
0 51
0 30
0 20
0 10
10 10
10 0
20 0
30 0
40 0
40 0
40 0
40 0
51 0
61 0
71 0
81 0
102 0
112 0
122 0
132 0
153 0
163 0
173 0
184 0
204 0
214 0
225 0
235 0
255 0
265 0
276 0
286 0
306 0
317 0
327 0
337 0
358 0
368 0
378 0
388 0
398 0
419 0
429 0
439 0
450 0
982 511
982 511
992 511
1002 511
1002 521
1012 521
1012 531
1012 542
1023 552
1023 982
1023 552
1023 562
1023 572
1012 583
1023 593
1023 613
1023 624
1023 634
1023 644
1023 664
1023 675
1023 685
1023 695
1023 716
1023 726
1023 736
1023 746
1023 767
1023 777
1023 787
1023 797
1023 818
1023 828
1023 838
1023 849
1023 869
1023 879
1023 890
1023 900
1023 910
1023 930
1023 941
1023 951
1023 961
1012 982
1012 992
1012 1002
1002 1002
1002 1012
992 1012
982 1012
982 1023
552 1023
982 1023
961 1023
951 1023
941 1012
930 1023
910 1023
900 1023
890 1023
879 1023
859 1023
849 1023
838 1023
828 1023
808 1023
797 1023
787 1023
777 1023
757 1023
746 1023
736 1023
726 1023
705 1023
695 1023
685 1023
675 1023
654 1023
644 1023
634 1023
624 1023
613 1023
593 1023
583 1023
572 1023
562 1023
542 1012
531 1012
521 1012
521 1002
511 1002
511 992
511 982
511 982
511 552
511 982
511 961
511 951
501 941
511 930
511 910
511 900
511 890
511 879
511 859
511 849
511 838
511 828
511 808
511 797
511 787
511 777
511 757
511 746
511 736
511 726
511 705
511 695
511 685
511 675
511 654
511 644
511 634
511 624
511 613
511 593
511 583
511 572
511 562
511 542
511 531
511 521
521 521
521 511
531 511
542 511
552 511
552 511
552 511
552 511
562 511
572 511
583 501
593 511
613 511
624 511
634 511
644 511
664 511
675 511
685 511
695 511
716 511
726 511
736 511
746 511
767 511
777 511
787 511
797 511
818 511
828 511
838 511
849 511
869 511
879 511
890 511
900 511
910 511
930 511
941 511
951 511
961 511
695 204
695 225
685 235
675 255
675 276
664 286
654 306
644 317
624 327
613 337
593 347
583 358
562 358
542 368
521 368
511 368
491 368
470 368
450 358
429 358
419 347
398 337
388 327
368 317
358 306
347 286
337 276
337 255
327 235
317 225
317 204
317 184
317 163
317 143
327 122
337 112
337 92
347 81
358 61
368 51
388 40
398 30
419 20
429 10
450 0
470 0
491 0
511 0
521 0
542 0
562 0
583 10
593 20
613 30
624 40
644 51
654 61
664 81
675 92
675 112
685 122
695 143
695 163
695 184
695 184
695 184
920 296
920 317
910 337
910 347
900 368
890 378
879 398
869 409
859 419
838 429
828 439
808 450
787 460
777 460
757 460
736 470
716 460
695 460
675 460
664 450
644 439
634 429
613 419
603 409
593 398
583 378
572 368
562 347
552 337
552 317
552 296
552 276
552 255
552 235
552 225
562 204
572 184
583 173
593 153
603 143
613 132
634 122
644 112
664 102
675 102
695 92
716 92
736 92
757 92
777 92
787 102
808 102
828 112
838 122
859 132
869 143
879 153
890 173
900 184
910 204
910 225
920 235
920 255
920 276
920 276
920 276
1012 521
1012 542
1012 562
1002 583
992 593
982 613
971 624
961 644
951 654
930 664
920 675
900 675
890 685
869 695
849 695
828 695
808 695
787 695
777 685
757 675
736 675
726 664
705 654
695 644
685 624
675 613
664 593
654 583
654 562
644 542
644 521
644 511
644 491
644 470
654 450
654 429
664 419
675 398
685 388
695 368
705 358
726 347
736 337
757 337
777 327
787 317
808 317
828 317
849 317
869 317
890 327
900 337
920 337
930 347
951 358
961 368
971 388
982 398
992 419
1002 429
1012 450
1012 470
1012 491
1023 511
1023 511
1023 511
920 757
920 777
910 787
910 808
900 828
890 838
879 859
869 869
859 879
838 890
828 900
808 910
787 910
777 920
757 920
736 920
716 920
695 920
675 910
664 910
644 900
634 890
613 879
603 869
593 859
583 838
572 828
562 808
552 787
552 777
552 757
552 736
552 716
552 695
552 675
562 664
572 644
583 634
593 613
603 603
613 593
634 583
644 572
664 562
675 552
695 552
716 552
736 552
757 552
777 552
787 552
808 562
828 572
838 583
859 593
869 603
879 613
890 634
900 644
910 664
910 675
920 695
920 716
920 736
920 736
920 736
695 849
695 869
685 890
675 900
675 920
664 930
654 951
644 961
624 971
613 982
593 992
583 1002
562 1012
542 1012
521 1012
511 1023
491 1012
470 1012
450 1012
429 1002
419 992
398 982
388 971
368 961
358 951
347 930
337 920
337 900
327 890
317 869
317 849
317 828
317 808
317 787
327 777
337 757
337 736
347 726
358 705
368 695
388 685
398 675
419 664
429 654
450 654
470 644
491 644
511 644
521 644
542 644
562 654
583 654
593 664
613 675
624 685
644 695
654 705
664 726
675 736
675 757
685 777
695 787
695 808
695 828
695 828
695 828
460 757
460 777
460 787
450 808
439 828
429 838
419 859
409 869
398 879
378 890
368 900
347 910
337 910
317 920
296 920
276 920
255 920
235 920
225 910
204 910
184 900
173 890
153 879
143 869
132 859
122 838
112 828
102 808
102 787
92 777
92 757
92 736
92 716
92 695
102 675
102 664
112 644
122 634
132 613
143 603
153 593
173 583
184 572
204 562
225 552
235 552
255 552
276 552
296 552
317 552
337 552
347 562
368 572
378 583
398 593
409 603
419 613
429 634
439 644
450 664
460 675
460 695
460 716
470 736
470 736
470 736
368 521
368 542
358 562
358 583
347 593
337 613
327 624
317 644
306 654
286 664
276 675
255 675
235 685
225 695
204 695
184 695
163 695
143 695
122 685
112 675
92 675
81 664
61 654
51 644
40 624
30 613
20 593
10 583
0 562
0 542
0 521
0 511
0 491
0 470
0 450
10 429
20 419
30 398
40 388
51 368
61 358
81 347
92 337
112 337
122 327
143 317
163 317
184 317
204 317
225 317
235 327
255 337
276 337
286 347
306 358
317 368
327 388
337 398
347 419
358 429
358 450
368 470
368 491
368 511
368 511
368 511
460 296
460 317
460 337
450 347
439 368
429 378
419 398
409 409
398 419
378 429
368 439
347 450
337 460
317 460
296 460
276 470
255 460
235 460
225 460
204 450
184 439
173 429
153 419
143 409
132 398
122 378
112 368
102 347
102 337
92 317
92 296
92 276
92 255
92 235
102 225
102 204
112 184
122 173
132 153
143 143
153 132
173 122
184 112
204 102
225 102
235 92
255 92
276 92
296 92
317 92
337 102
347 102
368 112
378 122
398 132
409 143
419 153
429 173
439 184
450 204
460 225
460 235
460 255
470 276
470 276
470 276
644 173
634 153
634 143
634 132
624 122
613 112
613 102
603 92
593 81
583 71
572 61
562 61
542 51
531 51
521 51
501 51
491 51
480 51
470 51
450 61
439 61
429 71
419 81
409 92
398 102
398 112
388 122
378 132
378 143
378 153
368 173
368 184
358 173
347 163
337 163
327 153
317 153
306 143
286 143
276 143
265 143
255 143
235 153
225 153
214 163
204 163
194 173
184 184
173 194
163 204
163 214
153 225
153 235
143 255
143 265
143 276
143 286
143 306
153 317
153 327
163 337
163 347
173 358
184 368
173 368
153 378
143 378
132 378
122 388
112 398
102 398
92 409
81 419
71 429
61 439
61 450
51 470
51 480
51 491
51 501
51 521
51 531
51 542
61 562
61 572
71 583
81 593
92 603
102 613
112 613
122 624
132 634
143 634
153 634
173 644
184 644
173 654
163 664
163 675
153 685
153 695
143 705
143 726
143 736
143 746
143 757
153 777
153 787
163 797
163 808
173 818
184 828
194 838
204 849
214 849
225 859
235 859
255 869
265 869
276 869
286 869
306 869
317 859
327 859
337 849
347 849
358 838
368 828
368 838
378 859
378 869
378 879
388 890
398 900
398 910
409 920
419 930
429 941
439 951
450 951
470 961
480 961
491 961
501 961
521 961
531 961
542 961
562 951
572 951
583 941
593 930
603 920
613 910
613 900
624 890
634 879
634 869
634 859
644 838
644 828
654 838
664 849
675 849
685 859
695 859
705 869
726 869
736 869
746 869
757 869
777 859
787 859
797 849
808 849
818 838
828 828
838 818
849 808
849 797
859 787
859 777
869 757
869 746
869 736
869 726
869 705
859 695
859 685
849 675
849 664
838 654
828 644
838 644
859 634
869 634
879 634
890 624
900 613
910 613
920 603
930 593
941 583
951 572
951 562
961 542
961 531
961 521
961 501
961 491
961 480
961 470
951 450
951 439
941 429
930 419
920 409
910 398
900 398
890 388
879 378
869 378
859 378
838 368
828 368
838 358
849 347
849 337
859 327
859 317
869 306
869 286
869 276
869 265
869 255
859 235
859 225
849 214
849 204
838 194
828 184
818 173
808 163
797 163
787 153
777 153
757 143
746 143
736 143
726 143
705 143
695 153
685 153
675 163
664 163
654 173
644 184
644 184
644 184
562 378
664 276
562 378
562 378
572 368
583 358
593 347
603 337
613 327
624 317
634 306
634 296
644 296
654 286
664 265
664 265
664 255
664 245
675 245
675 235
675 235
685 225
685 225
695 214
705 214
705 214
716 204
716 204
726 204
736 204
746 204
746 204
757 204
767 214
767 214
777 214
777 225
787 225
787 235
797 235
797 245
797 245
808 255
808 265
808 265
808 276
808 286
808 296
808 296
797 306
797 306
797 317
787 327
787 327
777 337
777 337
767 337
767 347
757 347
746 347
746 347
736 347
634 450
736 347
726 358
716 368
705 378
695 388
685 398
685 409
675 409
664 419
654 429
644 439
634 450
777 450
634 450
644 450
654 450
664 450
685 450
695 450
705 450
716 450
736 450
746 450
757 450
767 450
787 450
787 450
797 439
797 439
808 439
818 439
818 429
828 429
838 429
849 439
849 439
859 439
859 439
869 450
879 450
879 450
890 460
890 470
890 470
900 480
900 480
900 491
900 501
900 501
900 511
900 521
900 531
900 531
890 542
890 542
890 552
879 562
879 562
869 562
859 572
859 572
849 572
849 572
838 583
828 583
818 583
818 572
808 572
797 572
797 572
787 562
787 562
777 562
634 562
777 562
767 562
757 562
736 562
726 562
716 562
705 562
685 562
675 562
664 562
654 562
634 562
736 664
634 562
634 562
644 572
654 583
664 593
675 603
685 613
695 624
705 634
705 634
716 644
726 654
746 664
746 664
757 664
767 664
767 675
777 675
777 675
787 685
787 685
797 695
797 705
797 705
808 716
808 716
808 726
808 736
808 746
808 746
808 757
797 767
797 767
797 777
787 777
787 787
777 787
777 797
767 797
767 797
757 808
746 808
746 808
736 808
726 808
716 808
716 808
705 797
705 797
695 797
685 787
685 787
675 777
675 777
675 767
664 767
664 757
664 746
664 746
664 736
562 634
664 736
654 726
644 716
634 705
624 695
613 685
603 685
603 675
593 664
583 654
572 644
562 634
562 777
562 634
562 644
562 654
562 664
562 685
562 695
562 705
562 716
562 736
562 746
562 757
562 767
562 787
562 787
572 797
572 797
572 808
572 818
583 818
583 828
583 838
572 849
572 849
572 859
572 859
562 869
562 879
562 879
552 890
542 890
542 890
531 900
531 900
521 900
511 900
501 900
501 900
491 900
480 900
480 900
470 890
470 890
460 890
450 879
450 879
450 869
439 859
439 859
439 849
439 849
429 838
429 828
429 818
439 818
439 808
439 797
439 797
450 787
450 787
450 777
450 634
450 777
450 767
450 757
450 736
450 726
450 716
450 705
450 685
450 675
450 664
450 654
450 634
347 736
450 634
450 634
439 644
429 654
419 664
409 675
398 685
388 695
378 705
378 705
368 716
358 726
347 746
347 746
347 757
347 767
337 767
337 777
337 777
327 787
327 787
317 797
306 797
306 797
296 808
286 808
286 808
276 808
265 808
265 808
255 808
245 797
245 797
235 797
235 787
225 787
225 777
214 777
214 767
214 767
204 757
204 746
204 746
204 736
204 726
204 716
204 716
214 705
214 705
214 695
225 685
225 685
235 675
235 675
245 675
245 664
255 664
265 664
265 664
276 664
378 562
276 664
286 654
296 644
306 634
317 624
327 613
327 603
337 603
347 593
358 583
368 572
378 562
235 562
378 562
368 562
358 562
347 562
327 562
317 562
306 562
296 562
276 562
265 562
255 562
245 562
225 562
225 562
214 572
214 572
204 572
194 572
194 583
184 583
173 583
163 572
163 572
153 572
153 572
143 562
132 562
132 562
122 552
122 542
122 542
112 531
112 531
112 521
112 511
112 501
112 501
112 491
112 480
112 480
122 470
122 470
122 460
132 450
132 450
143 450
153 439
153 439
163 439
163 439
173 429
184 429
194 429
194 439
204 439
214 439
214 439
225 450
225 450
235 450
378 450
235 450
245 450
255 450
276 450
286 450
296 450
306 450
327 450
337 450
347 450
358 450
378 450
276 347
378 450
378 450
368 439
358 429
347 419
337 409
327 398
317 388
306 378
296 378
296 368
286 358
265 347
265 347
255 347
245 347
245 337
235 337
235 337
225 327
225 327
214 317
214 306
214 306
204 296
204 296
204 286
204 276
204 265
204 265
204 255
214 245
214 245
214 235
225 235
225 225
235 225
235 214
245 214
245 214
255 204
265 204
265 204
276 204
286 204
296 204
296 204
306 214
306 214
317 214
327 225
327 225
337 235
337 235
337 245
347 245
347 255
347 265
347 265
347 276
450 378
347 276
358 286
368 296
378 306
388 317
398 327
409 327
409 337
419 347
429 358
439 368
450 378
450 235
450 378
450 368
450 358
450 347
450 327
450 317
450 306
450 296
450 276
450 265
450 255
450 245
450 225
450 225
439 214
439 214
439 204
439 194
429 194
429 184
429 173
439 163
439 163
439 153
439 153
450 143
450 132
450 132
460 122
470 122
470 122
480 112
480 112
491 112
501 112
501 112
511 112
521 112
531 112
531 112
542 122
542 122
552 122
562 132
562 132
562 143
572 153
572 153
572 163
572 163
583 173
583 184
583 194
572 194
572 204
572 214
572 214
562 225
562 225
562 235
562 235
562 235
562 235
562 245
562 255
562 276
562 286
562 296
562 306
562 327
562 337
562 347
562 358
562 378
961 511
961 920
961 511
961 521
961 531
961 542
961 552
961 572
961 583
961 593
961 603
961 624
961 634
961 644
961 654
961 675
961 685
961 695
961 705
961 726
961 736
961 746
961 757
961 777
961 787
961 797
961 808
961 828
961 838
961 849
961 859
961 869
961 890
961 900
961 910
961 930
961 941
961 941
951 951
951 951
951 951
951 961
941 961
941 961
930 961
920 961
910 971
102 971
910 971
900 971
890 971
869 971
859 971
849 971
838 971
818 971
808 971
797 961
787 971
777 971
757 971
746 971
736 971
726 971
705 971
695 971
685 971
675 971
654 971
644 971
634 971
624 971
603 971
593 971
583 971
572 971
552 971
542 971
531 971
521 971
501 971
491 971
480 971
470 971
450 971
439 971
429 971
419 971
409 971
388 971
378 971
368 971
358 971
337 971
327 971
317 971
306 971
286 971
276 971
265 971
255 971
235 971
225 971
214 971
204 971
184 971
173 971
163 971
153 971
132 971
122 971
112 971
92 961
81 961
71 961
71 961
61 961
61 951
61 951
61 951
51 941
51 941
51 930
51 920
51 511
51 920
51 900
51 890
51 879
51 869
51 849
51 838
51 828
51 818
51 797
51 787
51 777
51 767
51 746
51 736
51 726
51 716
51 695
51 685
51 675
51 664
51 644
51 634
51 624
51 613
51 593
51 583
51 572
51 562
51 552
51 531
51 521
51 511
51 511
61 511
71 501
92 511
102 511
112 511
122 511
132 511
153 511
163 511
173 511
184 511
204 511
214 511
225 511
235 511
255 511
265 511
276 511
286 511
306 511
317 511
327 511
337 511
358 511
368 511
378 511
388 511
409 511
419 511
429 511
439 511
460 511
470 511
480 511
491 511
501 511
521 511
531 511
542 511
552 511
572 511
583 511
593 511
603 511
624 511
634 511
644 511
654 511
675 511
685 511
695 511
705 511
726 511
736 511
746 511
757 511
777 511
787 511
797 511
808 511
828 511
838 511
849 511
859 511
869 511
890 511
900 511
910 511
920 511
941 511
951 511
961 511
879 552
879 552
890 552
890 552
900 552
910 562
910 562
920 572
920 572
920 583
930 583
930 593
930 593
930 603
930 787
930 603
930 613
930 634
930 644
930 654
930 664
930 675
930 695
930 705
930 716
930 726
930 746
930 757
930 767
930 777
828 777
716 757
613 746
511 736
460 726
398 726
347 716
296 716
245 716
194 705
143 705
92 705
92 603
92 705
92 695
92 685
92 675
92 654
92 644
92 634
92 624
92 603
92 593
92 593
92 583
92 583
92 572
102 572
102 562
112 562
122 552
122 552
132 552
132 552
143 552
143 552
143 552
143 552
143 552
143 552
143 552
153 552
173 552
184 552
194 552
204 552
225 552
235 552
245 552
255 552
276 552
286 552
296 552
306 552
327 552
337 552
347 552
358 552
368 552
388 552
398 552
409 552
419 552
439 552
450 552
460 552
470 552
491 552
501 552
511 552
521 552
542 552
552 552
562 552
572 552
593 552
603 552
613 552
624 552
644 552
654 552
664 552
675 552
695 552
705 552
716 552
726 552
736 552
757 552
767 552
777 552
787 552
808 552
818 552
828 552
838 552
859 552
869 552
173 736
163 726
163 716
153 705
153 695
153 685
143 664
143 654
143 644
153 634
153 624
153 613
163 603
163 593
173 583
184 572
194 562
204 552
214 552
225 542
235 542
245 542
255 542
265 542
276 542
286 542
306 542
317 542
327 552
337 552
337 562
347 572
358 583
368 593
368 603
378 613
378 624
388 634
388 644
388 654
317 654
388 654
368 654
358 654
347 654
337 654
327 654
317 644
317 634
306 624
296 624
296 613
286 613
276 603
265 603
255 603
245 613
235 613
235 624
225 624
225 634
214 644
214 654
214 654
214 664
214 664
225 675
225 685
235 695
235 695
235 695
235 695
245 705
255 705
265 705
265 705
265 705
276 705
286 705
306 716
317 716
327 716
337 726
337 736
347 736
347 736
347 736
358 746
368 757
368 767
378 777
378 787
388 797
388 808
388 828
388 838
388 849
378 859
378 869
368 879
368 890
358 900
347 910
337 920
337 920
327 930
317 930
306 941
286 941
276 941
265 941
255 941
245 941
235 941
225 930
214 930
204 920
194 920
184 910
173 900
163 890
163 879
153 869
153 859
153 849
143 838
143 828
214 828
143 828
163 828
173 828
184 828
194 828
214 828
214 828
214 838
225 849
225 849
235 859
235 869
245 869
255 869
265 879
276 869
286 869
296 869
296 859
306 849
317 849
317 838
317 828
317 818
317 818
317 808
306 797
296 787
296 787
296 787
296 787
286 777
276 777
265 777
265 777
265 777
255 777
245 777
235 767
225 767
214 757
204 757
194 746
184 736
184 736
184 736
184 736
184 736
184 736
184 736
542 941
470 941
542 941
531 941
511 941
501 941
491 941
480 941
388 542
470 941
470 930
460 920
460 910
460 890
460 879
450 869
450 859
450 849
450 828
439 818
439 808
439 797
439 787
429 767
429 757
429 746
429 736
419 716
419 705
419 695
419 685
409 675
409 654
409 644
409 634
398 624
398 613
398 593
398 583
388 572
388 562
388 542
460 542
388 542
398 542
409 542
419 542
439 542
450 542
501 777
460 542
460 552
460 562
460 572
470 583
470 603
470 613
470 624
480 634
480 644
480 664
480 675
491 685
491 695
491 716
491 726
501 736
501 746
501 757
501 777
552 542
501 777
511 767
511 746
511 736
511 726
521 716
521 705
521 685
521 675
531 664
531 654
531 634
531 624
542 613
542 603
542 593
542 572
552 562
552 552
552 542
624 542
552 542
562 542
583 542
593 542
603 542
613 542
624 542
624 552
624 562
613 572
613 583
613 603
613 613
603 624
603 634
603 644
603 664
593 675
593 685
593 695
593 716
583 726
583 736
583 746
583 757
572 777
572 787
572 797
572 808
562 818
562 838
562 849
562 859
552 869
552 890
552 900
552 910
542 920
542 930
859 705
859 828
859 705
859 716
859 726
859 746
859 757
859 767
859 777
859 797
859 808
859 818
859 828
859 828
859 838
859 849
859 859
859 869
849 879
838 890
838 900
828 910
818 920
808 920
797 930
787 930
777 941
767 941
757 941
746 941
736 941
716 941
705 941
695 930
685 930
675 920
664 920
664 910
654 900
644 890
644 879
634 869
634 859
624 849
624 838
624 828
624 828
624 828
624 654
624 828
624 808
624 797
624 787
624 777
624 757
624 746
624 736
624 726
624 716
624 695
624 685
624 675
624 664
624 654
624 654
624 644
624 634
634 624
634 613
634 603
644 593
654 583
664 572
664 562
675 552
685 552
695 542
705 542
716 542
736 542
746 542
757 542
767 542
777 542
787 542
797 552
808 552
818 562
828 572
838 583
838 593
849 603
859 613
859 624
859 634
859 644
859 654
797 654
859 654
849 654
838 654
828 654
808 654
797 654
787 644
787 634
787 624
777 624
767 613
767 613
757 603
746 603
736 603
726 613
716 613
705 624
705 624
695 634
695 644
695 654
695 828
695 654
695 664
695 685
695 695
695 705
695 716
695 736
695 746
695 757
695 767
695 787
695 797
695 808
695 818
695 828
695 828
695 828
695 838
695 849
705 849
705 859
716 869
726 869
736 869
746 879
757 869
767 869
767 869
777 859
787 849
787 849
787 838
797 828
797 828
797 828
797 777
797 828
797 808
797 797
797 787
746 777
797 777
777 777
767 777
757 777
746 705
746 777
746 767
746 746
746 736
746 726
746 716
746 705
746 705
746 705
746 705
746 705
757 705
767 705
777 705
797 705
808 705
818 705
828 705
849 705
859 705
