1075 895
1039 873
1007 852
980 835
944 806
930 796
941 796
950 795
959 794
967 790
974 786
980 782
986 777
992 772
1001 762
1007 753
1013 745
1003 741
992 737
980 732
968 726
944 712
921 696
902 682
885 670
870 658
880 657
890 655
911 652
932 647
951 640
982 629
992 624
988 622
982 620
968 615
953 607
936 598
920 588
903 576
870 551
838 526
812 505
788 484
797 485
805 485
820 484
835 482
847 478
856 474
864 470
871 468
862 465
852 461
843 456
832 451
812 437
793 420
776 406
761 393
749 381
770 381
790 378
808 375
823 373
846 367
855 363
835 352
817 340
800 326
782 312
767 295
751 278
735 260
720 242
707 225
695 207
670 171
651 138
634 109
628 116
622 122
616 130
611 138
608 145
605 154
604 163
604 172
602 163
601 154
598 145
595 138
590 130
584 122
578 116
572 109
556 138
536 171
512 207
500 225
486 242
471 260
456 278
439 295
424 312
406 326
389 340
371 352
352 363
361 367
383 373
398 375
417 378
436 381
457 381
352 363
367 365
382 368
397 370
411 373
426 375
441 378
456 381
445 393
430 406
414 420
394 437
374 451
364 456
355 461
344 465
335 468
457 381
445 388
435 397
423 405
412 413
400 421
388 429
377 438
365 446
355 453
343 462
343 470
350 474
359 478
371 482
386 484
401 485
409 485
418 484
335 468
350 470
365 473
379 476
394 479
409 483
394 505
368 526
336 551
303 576
287 588
270 598
253 607
238 615
225 620
219 622
214 624
418 484
406 492
395 501
383 508
371 516
359 524
349 531
336 540
324 548
312 556
302 563
290 571
278 580
265 588
255 595
243 603
231 611
219 620
226 629
255 640
275 647
296 652
317 655
326 657
336 658
214 624
228 627
241 631
256 635
270 639
285 643
299 647
314 652
327 655
321 670
305 682
285 696
262 712
238 726
226 732
214 737
203 741
193 745
336 658
324 666
312 672
300 680
288 687
276 695
264 702
252 709
238 717
226 725
214 731
202 739
199 753
205 762
214 772
220 777
226 782
232 786
240 790
247 794
256 795
265 796
276 796
193 745
205 753
217 759
229 767
241 774
253 782
265 790
262 806
226 835
199 852
167 873
131 895
92 918
276 796
264 804
252 812
240 820
228 828
216 836
205 843
193 851
181 859
169 866
157 874
145 882
134 890
122 897
110 906
98 914
132 918
178 916
232 914
262 911
293 907
324 904
355 898
383 892
411 884
424 881
436 875
448 872
460 865
92 918
105 916
120 914
135 911
151 910
164 907
179 905
194 904
210 901
225 898
238 897
253 895
268 893
284 891
299 888
312 887
327 884
343 882
358 881
373 878
386 875
401 874
417 872
432 870
447 868
442 879
401 907
377 924
353 938
343 943
332 948
324 951
317 952
460 865
448 873
435 881
423 888
411 896
398 902
386 910
374 918
362 925
350 932
338 939
326 947
341 952
368 950
401 946
420 943
438 939
456 936
472 930
489 924
506 918
519 910
531 901
317 952
330 950
346 946
359 942
374 938
388 936
403 932
418 928
432 924
447 921
460 918
475 914
489 911
504 907
518 904
537 905
553 916
563 921
575 928
589 932
595 934
604 936
531 901
545 907
557 913
571 919
584 925
596 932
611 934
618 932
631 928
643 921
654 916
669 905
675 901
687 910
701 918
717 924
734 930
751 936
769 939
787 943
805 946
838 950
865 952
890 952
882 951
874 948
864 943
853 938
829 924
805 907
764 879
746 865
758 872
770 875
782 881
796 884
823 892
852 898
882 904
914 907
944 911
974 914
1029 916
1074 918
1115 918
619 502
616 501
613 501
610 499
608 498
605 496
604 493
604 491
604 488
604 464
604 488
604 475
604 461
604 459
605 456
608 453
610 452
613 451
616 450
619 450
648 450
619 450
634 450
651 450
654 451
657 452
660 453
661 456
663 459
664 461
664 464
664 488
664 464
664 476
664 491
663 493
661 496
660 498
657 499
654 501
651 501
648 502
559 346
556 345
553 345
550 343
547 341
545 340
543 337
542 335
542 332
542 308
542 332
542 319
542 305
543 303
545 300
547 297
550 296
553 295
556 294
559 294
587 294
559 294
574 294
590 294
593 295
596 296
598 297
601 300
602 303
602 305
604 308
604 332
604 308
604 320
602 335
602 337
601 340
598 341
596 343
593 345
590 345
587 346
477 589
472 588
469 588
466 586
465 584
462 583
460 580
460 577
460 575
460 551
460 575
460 562
460 548
460 546
462 543
465 540
466 539
469 538
472 537
477 537
504 537
477 537
491 537
507 537
512 538
513 539
516 540
518 543
519 546
521 548
521 551
521 575
521 551
521 563
521 577
519 580
518 583
516 584
513 586
512 588
507 588
504 589
743 624
740 622
737 622
734 621
731 618
729 617
728 615
726 612
726 609
726 585
726 609
726 597
726 583
728 580
729 577
731 575
734 574
737 572
740 571
743 571
772 571
743 571
758 571
775 571
778 572
781 574
782 575
785 577
787 580
787 583
788 585
788 609
788 585
788 598
787 612
787 615
785 617
782 618
781 621
778 622
775 622
772 624
743 814
740 814
737 813
734 812
731 810
729 808
728 805
726 803
726 800
726 776
726 800
726 787
726 773
728 771
729 768
731 765
734 764
737 763
740 762
743 762
772 762
743 762
758 762
775 762
778 763
781 764
782 765
785 768
787 771
787 773
788 776
788 800
788 776
788 788
787 803
787 805
785 808
782 810
781 812
778 813
775 814
772 814
578 709
575 709
572 709
569 708
568 705
565 704
563 702
563 699
562 695
562 672
562 695
562 684
563 670
563 666
565 664
568 662
569 661
572 659
575 658
578 658
607 658
578 658
593 658
610 658
613 659
616 661
619 662
621 664
622 666
624 670
624 672
624 695
624 672
624 685
624 699
622 702
621 704
619 705
616 708
613 709
610 709
607 709
415 796
412 796
409 795
406 794
403 792
401 790
400 788
398 785
398 782
398 759
398 782
398 769
398 755
400 753
401 750
403 749
406 746
409 745
412 745
415 745
444 745
415 745
430 745
447 745
450 745
453 746
454 749
457 750
459 753
459 755
460 759
460 782
460 759
460 771
459 785
459 788
457 790
454 792
453 794
450 795
447 796
444 796
592 933
581 930
571 927
562 921
562 1005
562 921
562 934
562 947
562 960
562 973
562 985
562 998
645 1005
562 1005
577 1005
592 1005
607 1005
622 1005
637 1005
645 921
645 1005
645 992
645 979
645 966
645 953
645 941
645 928
636 927
625 930
615 933
604 936
512 85
521 84
531 81
540 79
550 75
559 71
566 66
574 60
580 54
586 47
590 40
595 33
598 25
601 16
602 7
604 0
604 7
605 16
608 25
611 33
616 40
621 47
627 54
633 60
640 66
648 71
657 75
666 79
675 81
686 84
695 85
705 85
695 86
686 88
675 89
666 93
657 95
648 101
640 106
633 111
627 117
621 124
616 131
611 139
608 147
605 154
604 163
604 172
602 163
601 154
598 147
595 139
590 131
586 124
580 117
574 111
566 106
559 101
550 95
540 93
531 89
521 88
512 86
501 85
501 1023
497 1021
492 1020
489 1019
486 1017
483 1015
482 1011
480 1008
480 1005
480 1001
482 998
483 994
486 992
489 991
492 988
497 988
501 987
705 987
501 987
516 987
531 987
545 987
560 987
575 987
590 987
605 987
621 987
636 987
651 987
666 987
681 987
696 987
710 988
714 988
717 991
720 992
723 994
725 998
726 1001
726 1005
726 1008
725 1011
723 1015
720 1017
717 1019
714 1020
710 1021
705 1023
