567 681
569 677
567 674
563 672
559 670
443 670
559 670
538 670
518 670
498 670
477 670
457 670
673 421
443 670
453 659
463 649
473 637
484 627
494 615
504 604
514 594
524 582
534 572
545 560
555 549
565 539
575 527
585 517
595 505
606 494
616 483
624 472
634 462
644 450
654 439
665 428
673 417
673 414
669 412
665 410
565 410
665 410
644 410
624 410
604 410
583 410
726 236
565 410
575 400
585 389
595 378
606 367
616 355
626 345
636 334
646 323
656 312
667 300
677 290
687 279
697 268
707 257
717 245
728 234
726 230
721 229
717 227
620 227
717 227
697 227
677 227
656 227
636 227
813 17
620 227
630 216
640 206
650 194
660 183
671 172
681 161
691 151
701 139
711 128
721 117
732 106
742 96
752 84
762 72
772 62
783 51
793 40
803 29
811 17
1004 227
813 17
821 29
831 40
841 51
852 62
862 72
872 84
882 96
892 106
903 117
913 128
923 139
933 151
943 161
953 172
964 183
974 194
984 206
994 216
1004 227
907 227
1004 227
984 227
964 227
943 227
923 227
903 229
898 230
896 234
898 236
1059 410
898 236
909 248
919 259
929 270
939 281
949 291
959 303
970 314
980 325
990 336
1000 346
1010 358
1020 368
1031 380
1041 391
1051 402
959 410
1059 410
1039 410
1018 410
998 410
978 410
955 412
951 414
951 417
951 421
1181 670
951 421
961 431
972 443
982 454
992 464
1002 476
1012 486
1022 498
1033 509
1043 519
1053 531
1063 541
1073 553
1084 564
1094 574
1104 586
1114 596
1124 608
1134 619
1145 629
1153 641
1163 651
1173 663
1065 670
1181 670
1161 670
1140 670
1120 670
1100 670
1079 670
1061 672
1057 674
1055 677
1057 681
1295 941
1057 681
1067 691
1077 702
1088 713
1098 724
1108 736
1118 746
1128 757
1136 768
1147 779
1157 791
1167 801
1177 813
1187 823
1197 834
1208 846
1218 856
1228 868
1238 878
1248 889
1258 901
1269 911
1279 923
1289 933
329 941
1295 941
1275 941
1254 941
1236 941
1216 941
1195 941
1175 941
1155 941
1134 941
1114 941
1094 941
1073 941
1053 941
1033 941
1012 941
992 941
972 941
953 941
933 941
913 941
892 941
872 941
852 941
831 941
811 941
791 941
770 941
750 941
730 941
709 941
689 941
671 941
650 941
630 941
610 941
589 941
569 941
549 941
528 941
508 941
488 941
467 941
447 941
427 941
406 941
388 941
368 941
347 941
329 941
329 941
329 941
339 930
349 919
359 907
370 897
378 886
388 875
398 864
408 852
418 842
429 830
439 820
449 809
459 797
469 787
479 775
490 765
500 754
510 742
520 732
530 720
540 710
551 699
561 687
748 1011
748 953
748 1011
748 998
748 985
748 973
748 960
876 953
748 953
768 953
789 953
807 953
827 953
848 953
868 953
876 1011
876 953
876 966
876 979
876 992
876 1005
876 1011
876 1011
876 1011
856 1011
835 1011
817 1011
797 1011
776 1011
756 1011
1084 683
1197 683
1084 683
1104 683
1124 683
1142 683
1163 683
1183 683
1204 682
1208 681
1208 677
1208 674
978 423
1208 674
1197 663
1187 651
1177 641
1167 629
1157 619
1147 608
1136 596
1126 586
1116 574
1106 564
1096 553
1086 541
1075 531
1065 519
1055 509
1045 498
1035 486
1025 476
1014 464
1006 454
996 443
986 431
1075 423
978 423
998 423
1018 423
1039 423
1059 423
1081 423
1086 421
1086 417
1086 414
925 240
1086 414
1075 403
1065 393
1055 381
1045 370
1035 359
1025 348
1014 338
1004 326
994 314
984 304
974 293
964 282
953 271
943 261
933 249
1020 240
925 240
945 240
966 240
986 240
1006 240
1027 239
1031 236
1031 234
1031 230
821 2
1031 230
1020 220
1010 208
1000 198
990 186
980 175
970 165
959 153
949 143
939 131
929 120
919 110
909 98
898 88
888 76
878 65
868 55
858 43
848 33
837 21
827 10
817 0
813 0
807 0
803 2
593 230
803 2
793 14
783 24
772 35
762 46
752 57
742 69
732 79
721 90
713 101
703 112
693 124
683 134
673 145
663 156
652 167
642 179
632 189
622 201
612 211
602 222
593 234
593 236
597 239
604 240
699 240
604 240
622 240
642 240
663 240
683 240
538 414
699 240
689 250
679 262
669 273
658 284
648 295
638 306
628 317
618 329
608 339
597 350
587 361
577 372
567 384
557 394
549 405
538 417
538 421
543 423
549 423
646 423
549 423
569 423
589 423
610 423
628 423
416 674
646 423
636 435
626 446
616 457
606 468
595 478
585 490
575 501
565 512
555 523
545 533
534 545
524 556
514 567
504 578
494 588
484 600
473 612
465 622
455 633
445 644
435 655
425 667
416 677
416 681
420 682
425 683
540 683
425 683
445 683
465 683
486 683
506 683
526 683
303 944
540 683
530 695
520 705
510 716
500 727
490 738
482 750
471 760
461 772
451 782
441 793
431 805
420 815
410 827
400 837
390 848
380 860
370 870
359 882
349 892
339 903
329 915
319 925
309 937
301 947
303 951
307 952
311 953
728 953
311 953
331 953
351 953
372 953
392 953
412 953
433 953
453 953
471 953
492 953
512 953
532 953
553 953
573 953
593 953
614 953
634 953
654 953
675 953
695 953
715 953
728 1017
728 953
728 966
728 979
728 992
728 1005
728 1019
730 1021
734 1023
738 1023
886 1023
738 1023
758 1023
778 1023
797 1023
817 1023
837 1023
858 1023
878 1023
890 1023
894 1021
896 1019
896 1017
896 953
896 1017
896 1005
896 992
896 979
896 966
1313 953
896 953
917 953
937 953
957 953
978 953
998 953
1018 953
1039 953
1059 953
1079 953
1100 953
1118 953
1138 953
1159 953
1179 953
1199 953
1220 953
1240 953
1260 953
1281 953
1301 953
1317 952
1321 951
1324 947
1321 944
1321 944
1321 944
1321 944
1311 933
1301 921
1291 911
1281 900
1271 889
1260 878
1250 866
1242 856
1232 845
1222 834
1212 823
1201 811
1191 801
1181 789
1171 779
1161 768
1151 756
1140 746
1130 734
1120 724
1110 713
1100 701
1090 691
